zeor
0.000000 1.000000 2.000000
f(0.0000000000) = 0.0000000000
f(1.0000000000) = 0.0000000000
f(2.0000000000) = 0.0000000000
zeor
0.000000 1.000000 2.000000
f(0.0000000000) = 0.0000000000
f(1.0000000000) = 0.0000000000
f(2.0000000000) = 0.0000000000
